2;arms_factory;735.00;10.03;3102.00;1.96;0
2;arms_factory;759.00;10.25;3119.00;6.08;0
2;arms_factory;780.00;10.15;3122.00;6.18;0
2;arms_factory;725.00;9.70;3140.00;4.02;0
2;arms_factory;716.00;9.70;3142.00;0.41;0
2;arms_factory;748.00;9.70;3160.00;3.07;0
2;industrial_complex;725.00;9.70;3180.00;6.09;0
2;industrial_complex;723.00;9.70;3183.00;2.47;0
2;industrial_complex;749.00;9.70;3057.00;5.13;0
2;industrial_complex;792.00;9.70;3059.00;1.52;0
2;industrial_complex;725.00;10.20;3081.00;4.54;0
2;industrial_complex;708.00;9.78;3085.00;5.74;0
2;air_base;739.00;10.07;3105.00;3.58;0
2;supply_node;747.00;10.30;3119.00;1.21;0
2;naval_base;761.00;9.50;3189.00;-2.05;673
2;bunker;696.00;9.70;3143.00;4.19;0
2;coastal_bunker;816.00;9.70;3190.00;-3.64;0
2;dockyard;802.00;9.70;3207.00;-3.64;0
2;anti_air_building;802.00;9.70;3184.00;6.25;0
2;anti_air_building;788.00;9.70;3189.00;4.09;0
2;anti_air_building;690.00;9.70;3061.00;0.47;0
2;synthetic_refinery;731.00;10.25;3063.00;2.04;0
2;fuel_silo;782.00;9.75;3084.00;4.70;0
2;radar_station;743.00;10.00;3123.00;4.03;0
2;rocket_site;724.00;9.98;3108.00;3.74;0
2;nuclear_reactor;745.00;10.18;3125.00;0.48;0
2;floating_harbor;663.00;9.50;3163.00;1.09;171
3;arms_factory;837.00;11.93;2956.00;6.18;0
3;arms_factory;739.00;9.80;2898.00;4.02;0
3;arms_factory;791.00;9.70;3018.00;0.41;0
3;arms_factory;724.00;9.70;2948.00;3.07;0
3;arms_factory;824.00;13.20;2880.00;6.09;0
3;arms_factory;818.00;9.70;3008.00;2.47;0
3;industrial_complex;940.00;12.62;2938.00;5.13;0
3;industrial_complex;767.00;9.70;2897.00;1.52;0
3;industrial_complex;798.00;10.20;3000.00;4.54;0
3;industrial_complex;858.00;12.40;2947.00;5.74;0
3;industrial_complex;799.00;11.18;2879.00;3.58;0
3;industrial_complex;934.00;11.50;2991.00;5.14;0
3;air_base;832.00;11.07;2938.00;1.52;0
3;supply_node;811.00;11.93;2962.00;0.45;0
3;naval_base;711.00;9.50;2948.00;-1.04;641
3;bunker;782.00;9.70;2926.00;5.05;0
3;coastal_bunker;750.00;9.70;2922.00;-1.04;0
3;dockyard;708.00;9.50;2984.00;-1.80;0
3;anti_air_building;826.00;12.53;2905.00;0.47;0
3;anti_air_building;746.00;9.70;3025.00;2.04;0
3;anti_air_building;692.00;9.70;2982.00;4.70;0
3;synthetic_refinery;790.00;10.60;2889.00;2.54;0
3;fuel_silo;855.00;9.95;3012.00;3.74;0
3;radar_station;821.00;11.12;2958.00;2.16;0
3;rocket_site;727.00;9.70;2905.00;3.14;0
3;nuclear_reactor;724.00;9.70;3004.00;5.81;0
3;floating_harbor;633.00;9.50;2992.00;1.48;101
1;arms_factory;1941.00;14.07;102.00;3.74;0
1;arms_factory;1621.00;13.20;2756.00;0.48;0
1;arms_factory;1655.00;13.80;2802.00;3.14;0
1;arms_factory;3255.00;11.20;3291.00;5.81;0
1;arms_factory;1191.00;15.28;1016.00;2.54;0
1;arms_factory;1252.00;12.95;1042.00;5.21;0
1;industrial_complex;2250.00;9.70;1108.00;1.59;0
1;industrial_complex;1993.00;10.25;1058.00;4.25;0
1;industrial_complex;2883.00;9.70;3274.00;0.99;0
1;industrial_complex;3202.00;9.88;3121.00;3.66;0
1;industrial_complex;2408.00;10.00;2481.00;0.04;0
1;industrial_complex;541.00;10.15;1399.00;2.70;0
1;air_base;2931.00;10.40;2704.00;5.72;0
1;supply_node;1221.00;12.80;2280.00;3.12;0
1;supply_node;3660.00;9.70;2919.00;0.87;0
1;supply_node;1752.00;16.45;954.00;2.35;0
1;supply_node;1913.00;14.30;140.00;5.28;0
1;supply_node;589.00;9.70;2099.00;1.59;0
1;supply_node;1701.00;12.30;2453.00;4.52;0
1;supply_node;3247.00;12.50;531.00;6.00;0
1;supply_node;1405.00;12.60;2320.00;3.76;0
1;supply_node;3501.00;10.80;224.00;0.41;0
1;supply_node;2252.00;9.70;1149.00;1.89;0
1;supply_node;1324.00;12.05;2466.00;5.93;0
1;supply_node;962.00;9.70;1177.00;1.13;0
1;supply_node;2801.00;9.70;2944.00;4.07;0
1;supply_node;1981.00;14.40;34.00;0.72;0
1;supply_node;1193.00;11.98;467.00;3.30;0
1;supply_node;2954.00;12.90;2656.00;6.24;0
1;supply_node;2375.00;10.30;1728.00;1.43;0
1;supply_node;2519.00;9.78;2295.00;5.47;0
1;supply_node;2305.00;9.70;1258.00;2.12;0
1;supply_node;1546.00;12.20;2386.00;3.61;0
1;supply_node;2604.00;9.70;2848.00;1.36;0
1;supply_node;1141.00;10.82;3131.00;2.84;0
1;supply_node;3741.00;9.70;117.00;5.77;0
1;supply_node;1442.00;11.00;1435.00;3.54;0
1;supply_node;3161.00;11.65;2306.00;5.01;0
1;supply_node;872.00;10.10;2133.00;1.67;0
1;supply_node;2864.00;9.70;3110.00;4.25;0
1;supply_node;2028.00;13.80;2138.00;0.90;0
1;supply_node;1505.00;12.57;2732.00;3.84;0
1;supply_node;1438.00;11.75;86.00;0.14;0
1;supply_node;3031.00;9.70;3002.00;3.08;0
1;supply_node;390.00;9.70;1953.00;4.56;0
1;supply_node;2738.00;9.93;606.00;2.31;0
1;supply_node;1643.00;11.85;1713.00;5.25;0
1;supply_node;3223.00;10.93;2397.00;0.45;0
1;supply_node;2370.00;10.03;1516.00;4.49;0
1;supply_node;1363.00;10.68;1183.00;5.96;0
1;supply_node;2524.00;13.53;2540.00;2.61;0
1;supply_node;1179.00;13.65;1009.00;5.20;0
1;supply_node;3264.00;10.80;2825.00;1.85;0
1;supply_node;460.00;10.75;69.00;4.79;0
1;supply_node;2220.00;12.32;1407.00;1.09;0
1;supply_node;2297.00;13.80;1908.00;4.03;0
1;supply_node;2797.00;12.38;454.00;5.50;0
1;supply_node;480.00;9.93;1440.00;3.26;0
1;supply_node;2448.00;11.40;2438.00;6.20;0
1;supply_node;3754.00;13.28;398.00;1.39;0
1;supply_node;1581.00;15.68;47.00;5.43;0
1;supply_node;2040.00;13.18;2346.00;0.63;0
1;supply_node;458.00;9.75;194.00;3.57;0
1;supply_node;2640.00;13.78;306.00;1.33;0
1;supply_node;2791.00;9.70;2259.00;2.80;0
1;supply_node;1723.00;11.90;1836.00;5.74;0
1;supply_node;1847.00;11.80;1662.00;2.04;0
1;supply_node;1081.00;9.70;928.00;4.98;0
1;supply_node;2004.00;12.62;277.00;1.63;0
1;supply_node;842.00;9.70;340.00;4.21;0
1;supply_node;1003.00;9.70;687.00;0.87;0
1;supply_node;3008.00;11.18;2212.00;2.34;0
1;supply_node;1649.00;11.25;1947.00;0.10;0
1;supply_node;251.00;9.70;112.00;3.04;0
1;supply_node;1270.00;10.30;1754.00;4.52;0
1;supply_node;2403.00;14.00;127.00;2.27;0
1;supply_node;1778.00;11.45;2114.00;3.75;0
1;supply_node;3101.00;12.55;242.00;0.41;0
1;supply_node;1992.00;12.18;2838.00;4.45;0
1;supply_node;2075.00;12.30;1695.00;5.93;0
1;supply_node;1867.00;13.40;2602.00;2.58;0
1;supply_node;3201.00;10.18;3235.00;5.16;0
1;supply_node;954.00;9.70;431.00;1.82;0
1;supply_node;1265.00;14.48;2910.00;3.29;0
1;supply_node;1312.00;12.23;2667.00;1.05;0
1;supply_node;3281.00;10.78;3092.00;3.99;0
1;supply_node;1263.00;11.00;1652.00;5.47;0
1;supply_node;1794.00;12.15;1380.00;2.12;0
1;supply_node;990.00;10.75;2367.00;4.71;0
1;supply_node;1500.00;10.38;388.00;1.36;0
1;supply_node;1682.00;15.18;2972.00;4.29;0
1;supply_node;1580.00;12.82;1223.00;0.59;0
1;supply_node;3335.00;9.70;2528.00;3.53;0
1;supply_node;1361.00;9.70;469.00;5.01;0
1;supply_node;2158.00;14.48;2147.00;2.76;0
1;supply_node;2733.00;11.62;2407.00;5.70;0
1;supply_node;2771.00;13.70;60.00;0.90;0
1;supply_node;1538.00;9.90;1402.00;4.94;0
1;supply_node;2372.00;10.23;391.00;0.13;0
1;supply_node;1331.00;9.70;1297.00;3.07;0
1;supply_node;706.00;11.50;125.00;0.83;0
1;supply_node;3014.00;9.70;665.00;2.31;0
1;supply_node;715.00;10.32;2492.00;5.24;0
1;supply_node;2880.00;9.80;571.00;1.55;0
1;supply_node;2558.00;9.73;610.00;4.48;0
1;supply_node;1973.00;11.80;2721.00;1.13;0
1;supply_node;1081.00;10.60;2154.00;3.71;0
1;supply_node;1052.00;16.83;44.00;0.37;0
1;supply_node;2202.00;15.85;2061.00;1.85;0
1;supply_node;2095.00;13.95;2472.00;5.89;0
1;supply_node;543.00;9.70;2140.00;2.54;0
1;supply_node;2514.00;10.05;1427.00;4.02;0
1;supply_node;1124.00;12.48;2585.00;1.78;0
1;supply_node;1652.00;14.05;2815.00;3.25;0
1;supply_node;3216.00;12.03;327.00;6.19;0
1;supply_node;1523.00;13.38;2878.00;2.49;0
1;supply_node;2932.00;9.70;3234.00;5.43;0
1;supply_node;486.00;9.70;1912.00;2.08;0
1;supply_node;1178.00;10.70;1877.00;4.67;0
1;supply_node;2010.00;11.30;1070.00;1.32;0
1;supply_node;1464.00;11.40;1734.00;2.80;0
1;supply_node;2983.00;15.28;2498.00;0.55;0
1;supply_node;826.00;10.30;1505.00;3.49;0
1;supply_node;1133.00;9.70;1344.00;4.97;0
1;supply_node;2305.00;10.10;2552.00;2.73;0
1;supply_node;1600.00;12.40;2073.00;4.20;0
1;supply_node;1488.00;13.10;2261.00;0.86;0
1;supply_node;1268.00;12.00;1850.00;4.90;0
1;supply_node;2648.00;13.55;127.00;0.09;0
1;supply_node;553.00;9.70;1611.00;3.03;0
1;supply_node;1277.00;10.62;964.00;5.62;0
1;supply_node;1748.00;14.05;1139.00;2.27;0
1;supply_node;1676.00;12.70;2701.00;5.20;0
1;supply_node;1090.00;13.25;2674.00;1.50;0
1;supply_node;1222.00;9.70;1245.00;4.44;0
1;supply_node;2809.00;14.40;247.00;5.92;0
1;supply_node;1663.00;12.50;1500.00;3.68;0
1;supply_node;2408.00;11.07;2681.00;0.33;0
1;supply_node;2910.00;12.93;433.00;1.81;0
1;supply_node;1478.00;11.32;269.00;5.85;0
1;supply_node;3105.00;9.95;2186.00;1.04;0
1;supply_node;3391.00;12.95;3134.00;3.98;0
1;supply_node;899.00;10.30;2867.00;1.74;0
1;supply_node;862.00;9.82;1347.00;3.22;0
1;supply_node;890.00;10.03;3103.00;6.15;0
1;supply_node;3057.00;10.20;2702.00;2.46;0
1;supply_node;530.00;9.70;2009.00;5.39;0
1;supply_node;3012.00;12.90;110.00;0.58;0
1;supply_node;724.00;10.30;2231.00;4.62;0
1;supply_node;1480.00;14.88;2106.00;1.28;0
1;supply_node;765.00;9.90;2644.00;2.76;0
1;supply_node;1061.00;10.10;2491.00;5.69;0
1;supply_node;3125.00;13.88;513.00;2.00;0
1;supply_node;743.00;9.70;1432.00;4.93;0
1;supply_node;3134.00;9.70;2907.00;1.58;0
1;supply_node;903.00;12.25;2552.00;4.17;0
1;supply_node;3334.00;11.60;397.00;0.82;0
1;supply_node;1843.00;11.90;1791.00;2.30;0
1;supply_node;327.00;9.70;1879.00;0.06;0
1;supply_node;3742.00;9.70;2778.00;2.99;0
1;supply_node;3072.00;14.60;47.00;4.47;0
1;supply_node;3754.00;14.18;535.00;2.23;0
1;supply_node;2003.00;12.78;1526.00;3.71;0
1;supply_node;2760.00;17.18;2663.00;0.36;0
1;supply_node;2175.00;13.78;2380.00;4.40;0
1;supply_node;1242.00;9.70;1376.00;5.88;0
1;supply_node;112.00;9.70;99.00;2.53;0
1;supply_node;3566.00;13.35;479.00;5.12;0
1;supply_node;1773.00;13.85;167.00;1.77;0
1;supply_node;3475.00;10.62;563.00;4.71;0
1;supply_node;636.00;9.70;1910.00;1.01;0
1;supply_node;1023.00;11.28;1526.00;3.95;0
1;supply_node;1941.00;13.38;2402.00;5.42;0
1;supply_node;727.00;10.75;2095.00;3.18;0
1;supply_node;2581.00;13.38;1980.00;6.11;0
1;supply_node;3263.00;9.70;1644.00;1.31;0
1;supply_node;2671.00;9.98;1958.00;5.35;0
1;supply_node;1025.00;10.98;205.00;0.55;0
1;supply_node;3569.00;9.70;2821.00;3.48;0
1;supply_node;350.00;10.05;1406.00;6.07;0
1;supply_node;1857.00;10.07;2919.00;2.72;0
1;supply_node;2830.00;9.70;2842.00;5.65;0
1;supply_node;3368.00;9.70;2427.00;1.95;0
1;supply_node;1028.00;13.18;505.00;4.89;0
1;supply_node;2123.00;12.25;1442.00;0.09;0
1;supply_node;850.00;11.30;2294.00;4.13;0
1;supply_node;2575.00;9.70;3211.00;0.79;0
1;supply_node;3263.00;10.57;2646.00;2.26;0
1;supply_node;2133.00;9.70;426.00;0.02;0
1;supply_node;3140.00;18.18;2512.00;1.50;0
1;supply_node;1361.00;15.07;2154.00;4.44;0
1;supply_node;1491.00;10.03;3071.00;2.19;0
1;supply_node;1407.00;11.20;1646.00;3.67;0
1;supply_node;1761.00;16.00;1269.00;0.32;0
1;supply_node;1786.00;12.48;1550.00;2.91;0
1;supply_node;1777.00;15.03;2221.00;5.84;0
1;supply_node;1398.00;11.90;2583.00;2.49;0
1;supply_node;2627.00;9.70;3034.00;5.08;0
1;supply_node;1061.00;9.70;1263.00;1.73;0
1;supply_node;674.00;10.25;1653.00;3.21;0
1;supply_node;1287.00;18.18;56.00;0.97;0
1;supply_node;1503.00;11.70;1599.00;3.91;0
1;supply_node;2253.00;12.10;2252.00;5.38;0
1;supply_node;587.00;9.70;255.00;3.14;0
1;supply_node;711.00;9.70;1335.00;4.62;0
1;supply_node;2393.00;10.90;2297.00;1.28;0
1;supply_node;1338.00;11.85;222.00;3.86;0
1;supply_node;3618.00;12.48;3241.00;0.51;0
1;supply_node;2750.00;9.70;2089.00;3.44;0
1;supply_node;1883.00;14.73;973.00;6.03;0
1;supply_node;2271.00;13.95;2742.00;2.68;0
1;supply_node;2558.00;10.70;2133.00;4.16;0
1;supply_node;1496.00;11.30;1120.00;1.92;0
1;supply_node;1135.00;10.32;1670.00;4.86;0
1;supply_node;746.00;9.75;1728.00;0.05;0
1;supply_node;3416.00;13.32;94.00;2.98;0
1;supply_node;970.00;9.70;928.00;5.57;0
1;supply_node;2228.00;14.40;102.00;2.22;0
1;supply_node;1351.00;11.48;3064.00;5.16;0
1;supply_node;520.00;10.05;1318.00;1.46;0
1;supply_node;1618.00;12.80;1811.00;4.40;0
1;supply_node;609.00;9.70;1500.00;5.87;0
1;supply_node;1546.00;11.30;1964.00;3.63;0
1;supply_node;1037.00;9.88;1718.00;0.28;0
1;supply_node;1261.00;10.53;2067.00;1.77;0
1;supply_node;1103.00;13.05;2797.00;5.81;0
1;supply_node;3528.00;11.48;3304.00;1.00;0
1;supply_node;1825.00;11.53;2007.00;3.93;0
1;supply_node;2517.00;9.73;1780.00;1.70;0
1;supply_node;1735.00;13.40;2825.00;3.17;0
1;supply_node;3052.00;10.68;2282.00;6.11;0
1;supply_node;2043.00;13.20;1994.00;2.41;0
1;supply_node;811.00;9.70;1285.00;5.35;0
1;supply_node;550.00;9.70;1869.00;2.00;0
1;supply_node;1969.00;12.25;1407.00;4.58;0
1;supply_node;1430.00;12.68;1888.00;1.24;0
1;supply_node;2190.00;14.05;1834.00;2.71;0
1;supply_node;3172.00;9.70;686.00;0.47;0
1;supply_node;3318.00;13.38;181.00;1.95;0
1;supply_node;1086.00;11.05;1077.00;4.89;0
1;supply_node;2402.00;9.70;1351.00;2.65;0
1;supply_node;735.00;9.80;1958.00;4.12;0
1;supply_node;1145.00;12.25;2393.00;0.77;0
1;supply_node;1650.00;9.70;357.00;3.36;0
1;supply_node;985.00;11.35;2994.00;0.01;0
1;supply_node;893.00;9.70;587.00;2.95;0
1;supply_node;2136.00;10.70;1298.00;5.53;0
1;supply_node;2496.00;10.90;370.00;2.19;0
1;supply_node;932.00;9.95;1854.00;3.66;0
1;supply_node;1511.00;12.30;2578.00;1.42;0
1;supply_node;2108.00;9.75;2875.00;4.36;0
1;supply_node;1635.00;13.32;2244.00;5.84;0
1;supply_node;2738.00;10.62;2756.00;3.59;0
1;supply_node;1321.00;10.62;1960.00;5.07;0
1;supply_node;2180.00;12.85;1734.00;1.73;0
1;supply_node;733.00;9.73;1847.00;5.77;0
1;supply_node;1297.00;11.00;2367.00;0.96;0
1;supply_node;1913.00;12.57;2205.00;3.90;0
1;supply_node;3238.00;9.70;1560.00;0.20;0
1;supply_node;2674.00;9.70;506.00;3.14;0
1;supply_node;1338.00;11.28;1556.00;6.07;0
1;supply_node;3222.00;9.70;2928.00;2.37;0
1;supply_node;1662.00;10.73;1402.00;5.31;0
1;supply_node;1768.00;11.70;1688.00;0.50;0
1;supply_node;1638.00;14.57;970.00;4.54;0
1;supply_node;2304.00;10.23;1764.00;1.20;0
1;supply_node;3799.00;10.53;3255.00;2.68;0
1;supply_node;2606.00;18.50;2624.00;0.43;0
1;supply_node;1864.00;12.70;1217.00;1.91;0
1;supply_node;3782.00;10.05;3094.00;4.85;0
1;supply_node;590.00;9.70;2265.00;1.15;0
1;supply_node;1681.00;11.70;1614.00;4.08;0
1;supply_node;2430.00;11.73;2206.00;0.74;0
1;supply_node;3192.00;9.70;2741.00;3.32;0
1;supply_node;952.00;12.50;2262.00;6.26;0
1;supply_node;2204.00;10.80;2660.00;1.45;0
1;supply_node;1000.00;9.85;3221.00;4.39;0
1;supply_node;1699.00;12.25;2564.00;2.15;0
1;supply_node;1983.00;13.05;1877.00;3.63;0
1;supply_node;3336.00;9.70;699.00;0.28;0
1;supply_node;3033.00;12.20;395.00;2.87;0
1;supply_node;756.00;9.70;432.00;5.80;0
1;supply_node;2315.00;10.95;2394.00;2.45;0
1;supply_node;1788.00;12.95;311.00;5.03;0
1;supply_node;1086.00;10.45;1829.00;1.69;0
1;supply_node;2432.00;15.93;1936.00;3.17;0
1;supply_node;878.00;12.78;2428.00;0.92;0
1;supply_node;3514.00;11.35;22.00;3.86;0
1;supply_node;2010.00;13.38;1297.00;5.34;0
1;supply_node;2055.00;11.28;1180.00;3.10;0
1;supply_node;3344.00;9.80;1605.00;4.57;0
1;supply_node;1544.00;12.65;1501.00;1.23;0
1;supply_node;2099.00;13.23;2258.00;5.27;0
1;supply_node;2430.00;9.70;2853.00;0.46;0
1;supply_node;1417.00;9.70;1023.00;3.40;0
1;supply_node;2300.00;14.07;2130.00;5.99;0
1;supply_node;1277.00;15.12;396.00;2.64;0
1;supply_node;2819.00;16.60;2546.00;5.57;0
1;supply_node;2425.00;11.80;1800.00;1.87;0
1;supply_node;2444.00;9.70;531.00;4.81;0
1;supply_node;873.00;12.40;112.00;0.01;0
1;supply_node;2866.00;14.12;2473.00;4.05;0
1;supply_node;1150.00;9.80;2000.00;5.52;0
1;supply_node;3798.00;9.70;57.00;2.18;0
1;supply_node;3776.00;11.03;617.00;6.22;0
1;supply_node;1000.00;10.68;2140.00;1.41;0
1;supply_node;2061.00;14.15;168.00;4.35;0
1;supply_node;2146.00;9.70;1145.00;0.65;0
1;supply_node;2764.00;9.70;3271.00;3.59;0
1;supply_node;1100.00;13.18;2963.00;0.24;0
1;supply_node;2460.00;9.70;1578.00;2.82;0
1;supply_node;1536.00;15.40;1019.00;5.76;0
1;supply_node;3073.00;11.43;2599.00;0.96;0
1;supply_node;2267.00;11.23;1648.00;5.00;0
1;supply_node;1016.00;9.90;2889.00;1.65;0
1;supply_node;2635.00;9.70;2325.00;3.13;0
1;supply_node;647.00;9.70;2344.00;0.89;0
1;supply_node;931.00;9.95;1957.00;2.36;0
1;supply_node;753.00;12.48;2754.00;5.30;0
1;supply_node;3485.00;10.05;671.00;3.06;0
1;supply_node;1103.00;13.35;527.00;4.54;0
1;supply_node;719.00;9.73;1552.00;1.19;0
1;supply_node;916.00;11.30;1553.00;3.78;0
1;supply_node;2215.00;11.98;295.00;0.43;0
1;supply_node;1599.00;12.20;2624.00;3.36;0
1;supply_node;2248.00;9.70;493.00;5.94;0
1;supply_node;3380.00;10.48;2922.00;2.60;0
1;supply_node;453.00;9.70;1646.00;4.08;0
1;supply_node;3616.00;12.25;634.00;1.83;0
1;supply_node;1771.00;12.12;1917.00;4.78;0
1;supply_node;1095.00;11.85;1438.00;6.25;0
1;supply_node;1173.00;9.90;2146.00;4.01;0
1;supply_node;1426.00;10.50;1255.00;5.49;0
1;supply_node;3648.00;9.90;42.00;2.14;0
1;supply_node;2214.00;13.65;1558.00;4.72;0
1;supply_node;2295.00;13.60;2023.00;1.38;0
1;supply_node;2207.00;11.85;2538.00;4.31;0
1;supply_node;2902.00;10.32;2272.00;0.62;0
1;supply_node;3740.00;10.80;237.00;3.55;0
1;supply_node;943.00;9.70;1746.00;5.03;0
1;supply_node;320.00;10.90;34.00;1.68;0
1;supply_node;1993.00;9.70;374.00;5.72;0
1;supply_node;2576.00;12.00;2751.00;0.92;0
1;supply_node;3327.00;9.70;2316.00;3.85;0
1;supply_node;2491.00;13.53;2066.00;0.16;0
1;supply_node;2223.00;9.70;1283.00;3.09;0
1;supply_node;965.00;11.60;2759.00;6.03;0
1;supply_node;1793.00;13.20;37.00;2.32;0
1;supply_node;2633.00;9.70;2194.00;5.27;0
1;supply_node;3625.00;11.00;337.00;0.46;0
1;supply_node;1622.00;11.65;174.00;4.50;0
1;supply_node;824.00;9.90;1869.00;1.15;0
1;supply_node;2348.00;12.25;244.00;2.63;0
1;supply_node;1213.00;11.30;1520.00;0.39;0
1;supply_node;954.00;11.05;1639.00;1.87;0
1;supply_node;1600.00;11.95;1569.00;4.80;0
1;supply_node;2923.00;9.85;2160.00;2.56;0
1;supply_node;1420.00;10.70;2005.00;4.04;0
1;supply_node;1844.00;13.85;2343.00;0.69;0
1;supply_node;1251.00;12.30;2596.00;3.28;0
1;supply_node;1793.00;12.93;1040.00;6.21;0
1;supply_node;1475.00;12.28;2427.00;2.87;0
1;supply_node;2434.00;11.18;1430.00;5.45;0
1;supply_node;2065.00;11.78;2604.00;2.10;0
1;supply_node;3231.00;14.10;76.00;3.58;0
1;supply_node;3228.00;10.20;2234.00;1.34;0
1;supply_node;827.00;10.25;1632.00;2.81;0
1;supply_node;3080.00;9.73;3118.00;5.76;0
1;supply_node;3412.00;9.70;2780.00;3.51;0
1;supply_node;2489.00;9.70;2998.00;4.99;0
1;supply_node;2141.00;15.65;1957.00;1.64;0
1;supply_node;2515.00;13.30;27.00;4.23;0
1;supply_node;1877.00;13.40;1390.00;0.88;0
1;supply_node;3520.00;13.07;3093.00;3.81;0
1;supply_node;1253.00;15.73;2789.00;0.11;0
1;supply_node;1647.00;16.25;1092.00;3.05;0
1;supply_node;1282.00;11.28;1481.00;4.53;0
1;supply_node;1824.00;12.20;1870.00;2.29;0
1;supply_node;3709.00;12.75;3171.00;5.23;0
1;supply_node;444.00;9.70;1800.00;0.42;0
1;supply_node;2563.00;10.40;1873.00;4.46;0
1;supply_node;1370.00;10.85;1755.00;5.94;0
1;supply_node;2946.00;12.35;236.00;2.59;0
1;supply_node;1912.00;13.50;1100.00;0.35;0
1;supply_node;610.00;9.95;1787.00;1.83;0
1;supply_node;1213.00;11.30;1154.00;4.76;0
1;supply_node;1155.00;9.80;1750.00;1.07;0
1;supply_node;2873.00;9.70;1449.00;4.00;0
1;supply_node;3812.00;9.70;2953.00;0.65;0
1;supply_node;1650.00;12.50;2351.00;3.24;0
1;supply_node;1840.00;12.78;2481.00;6.18;0
1;supply_node;851.00;9.75;1720.00;1.37;0
1;supply_node;1859.00;13.50;1513.00;5.41;0
1;supply_node;3160.00;10.68;1608.00;2.07;0
1;supply_node;1019.00;9.93;2041.00;3.54;0
1;supply_node;1901.00;11.82;2836.00;1.30;0
1;supply_node;3002.00;12.03;591.00;2.78;0
1;supply_node;1613.00;11.90;461.00;5.72;0
1;supply_node;1723.00;11.50;2021.00;2.02;0
1;supply_node;606.00;9.70;1370.00;4.95;0
1;supply_node;1095.00;11.70;2257.00;1.60;0
1;supply_node;1075.00;10.15;1925.00;3.09;0
1;supply_node;304.00;9.70;1358.00;0.84;0
1;supply_node;3485.00;11.28;395.00;2.32;0
1;supply_node;983.00;9.70;1336.00;5.25;0
1;supply_node;1956.00;12.30;1751.00;3.02;0
1;supply_node;428.00;9.70;1363.00;4.49;0
1;supply_node;2611.00;12.65;2489.00;1.14;0
1;supply_node;1561.00;11.60;1678.00;3.73;0
1;supply_node;397.00;9.70;2046.00;0.38;0
1;supply_node;2549.00;9.70;511.00;3.32;0
1;supply_node;1145.00;12.15;79.00;5.90;0
1;supply_node;1031.00;11.53;862.00;2.56;0
1;supply_node;2097.00;11.38;2755.00;4.03;0
1;supply_node;1531.00;12.30;1795.00;1.79;0
1;supply_node;730.00;9.88;248.00;4.72;0
1;supply_node;761.00;10.73;2354.00;6.21;0
1;supply_node;570.00;11.57;78.00;3.96;0
1;supply_node;3793.00;9.70;2731.00;5.44;0
1;supply_node;3512.00;9.70;1699.00;2.09;0
1;supply_node;2989.00;9.70;3292.00;6.14;0
1;supply_node;1612.00;12.68;2482.00;1.33;0
1;supply_node;2134.00;11.82;1608.00;4.27;0
1;supply_node;2722.00;9.70;3164.00;0.57;0
1;supply_node;1828.00;13.70;2729.00;3.51;0
1;supply_node;869.00;9.70;1190.00;4.98;0
1;supply_node;2430.00;12.23;2565.00;2.74;0
1;supply_node;1311.00;11.40;1076.00;5.68;0
1;supply_node;888.00;12.75;2675.00;0.87;0
1;supply_node;3564.00;9.70;1668.00;4.91;0
1;supply_node;2926.00;9.70;2871.00;0.11;0
1;supply_node;2645.00;11.25;2067.00;3.05;0
1;supply_node;3392.00;11.70;300.00;0.80;0
1;supply_node;911.00;10.95;1444.00;2.28;0
1;supply_node;1963.00;13.90;1194.00;5.22;0
1;supply_node;1662.00;11.32;1284.00;1.52;0
1;supply_node;2888.00;13.98;35.00;4.45;0
1;supply_node;3362.00;12.05;542.00;1.11;0
1;supply_node;1364.00;9.70;1414.00;3.69;0
1;supply_node;1557.00;13.68;2165.00;0.35;0
1;supply_node;1038.00;10.60;3114.00;1.82;0
1;supply_node;609.00;9.70;1308.00;5.86;0
1;supply_node;2877.00;12.05;672.00;2.52;0
1;supply_node;2500.00;14.15;179.00;4.00;0
1;supply_node;1331.00;12.53;2254.00;1.75;0
1;supply_node;1380.00;12.50;2786.00;3.23;0
1;supply_node;1952.00;13.05;1617.00;6.17;0
1;supply_node;2633.00;9.70;3286.00;3.93;0
1;supply_node;1673.00;12.75;2134.00;5.40;0
1;supply_node;2135.00;14.20;34.00;2.05;0
1;supply_node;649.00;9.70;2020.00;4.64;0
1;supply_node;2638.00;9.73;1888.00;1.29;0
1;supply_node;2822.00;11.70;2162.00;4.23;0
1;supply_node;3360.00;9.70;2665.00;0.53;0
1;supply_node;3092.00;11.68;2390.00;3.47;0
1;supply_node;2959.00;11.12;2363.00;4.94;0
1;supply_node;1183.00;13.20;2708.00;2.70;0
1;supply_node;1900.00;12.03;2079.00;4.18;0
1;supply_node;3580.00;11.70;139.00;0.84;0
1;supply_node;1971.00;10.70;988.00;4.88;0
1;supply_node;1517.00;12.23;2985.00;0.07;0
1;supply_node;1026.00;9.88;338.00;3.01;0
1;supply_node;1170.00;10.12;270.00;5.59;0
1;supply_node;932.00;9.70;755.00;2.24;0
1;supply_node;794.00;11.53;2474.00;5.18;0
1;supply_node;2391.00;13.75;2101.00;0.38;0
1;supply_node;2736.00;9.70;1996.00;4.42;0
1;supply_node;2062.00;12.65;1811.00;5.89;0
1;supply_node;2368.00;10.30;1629.00;2.54;0
1;supply_node;756.00;9.70;2834.00;0.31;0
1;supply_node;1347.00;11.35;1843.00;1.78;0
1;supply_node;3246.00;12.60;2520.00;4.72;0
1;supply_node;3677.00;10.78;3065.00;1.02;0
1;supply_node;1391.00;13.15;2076.00;3.96;0
1;supply_node;3674.00;13.65;465.00;0.61;0
1;supply_node;1934.00;15.05;2276.00;3.19;0
1;supply_node;1766.00;12.68;1482.00;6.13;0
1;supply_node;1237.00;11.45;3047.00;1.33;0
1;supply_node;2258.00;9.78;2836.00;5.37;0
1;supply_node;3808.00;10.00;2827.00;2.02;0
1;supply_node;2366.00;13.18;2789.00;3.50;0
1;supply_node;2980.00;9.80;2785.00;1.26;0
1;supply_node;3173.00;11.00;2636.00;2.73;0
1;supply_node;976.00;12.50;2638.00;5.67;0
1;supply_node;2743.00;12.18;2535.00;3.43;0
1;supply_node;1757.00;13.18;2337.00;4.91;0
1;supply_node;1254.00;12.30;2183.00;1.56;0
1;supply_node;3015.00;9.73;2139.00;4.15;0
1;supply_node;1111.00;9.78;2079.00;0.80;0
1;supply_node;1247.00;10.70;1963.00;2.27;0
1;supply_node;1905.00;12.75;1910.00;0.03;0
1;supply_node;2481.00;12.50;1853.00;2.97;0
1;supply_node;354.00;9.70;1796.00;4.45;0
1;supply_node;1750.00;11.90;1772.00;2.21;0
1;supply_node;2463.00;9.70;1703.00;3.68;0
1;supply_node;555.00;9.70;1718.00;0.34;0
1;supply_node;1126.00;11.30;1562.00;4.38;0
1;supply_node;1446.00;13.65;1544.00;5.86;0
1;supply_node;437.00;9.70;1517.00;2.51;0
1;supply_node;3302.00;9.70;1540.00;5.10;0
1;supply_node;2272.00;12.53;1479.00;1.75;0
1;supply_node;2320.00;10.95;1387.00;4.68;0
1;supply_node;1514.00;10.93;1281.00;0.98;0
1;supply_node;1093.00;9.70;1172.00;3.92;0
1;supply_node;960.00;9.70;1037.00;5.40;0
1;supply_node;2982.00;11.50;510.00;3.15;0
1;supply_node;2597.00;11.15;435.00;6.09;0
1;supply_node;336.00;9.70;192.00;1.29;0
1;supply_node;32.00;9.70;37.00;5.33;0
1;supply_node;2381.00;13.50;35.00;0.52;0
1;supply_node;691.00;9.70;2961.00;3.46;0
1;supply_node;700.00;9.70;2928.00;1.22;0
1;supply_node;694.00;9.70;2880.00;2.70;0
1;supply_node;2755.00;9.70;1957.00;5.63;0
1;supply_node;3246.00;9.70;1461.00;1.94;0
1;supply_node;2874.00;9.70;1360.00;4.87;0
1;supply_node;2579.00;13.30;53.00;1.52;0
1;naval_base;3609.00;9.70;261.00;-3.72;591
1;naval_base;657.00;9.70;2527.00;-2.04;570
1;naval_base;1071.00;9.70;680.00;-4.20;571
1;naval_base;1216.00;9.50;2453.00;-1.39;717
1;naval_base;2502.00;9.70;1505.00;-4.08;700
1;naval_base;3162.00;9.50;390.00;-2.38;751
1;naval_base;3093.00;9.50;174.00;-0.10;761
1;naval_base;1702.00;9.50;922.00;-0.96;531
1;naval_base;2289.00;9.70;1116.00;1.32;640
1;naval_base;1359.00;9.50;982.00;-4.48;555
1;naval_base;2950.00;9.70;693.00;-1.93;712
1;naval_base;2766.00;9.50;706.00;-3.12;711
1;naval_base;1611.00;9.70;3057.00;-2.65;678
1;naval_base;1481.00;9.70;483.00;-3.28;566
1;naval_base;3375.00;9.70;2541.00;1.12;645
1;naval_base;3769.00;9.50;86.00;0.69;766
1;naval_base;2545.00;9.70;640.00;-3.76;665
1;naval_base;1188.00;9.70;540.00;-3.35;646
1;naval_base;1331.00;9.50;1788.00;-4.24;726
1;naval_base;499.00;9.50;2206.00;-2.51;677
1;naval_base;828.00;9.70;3187.00;-3.11;551
1;naval_base;1232.00;9.70;3171.00;-3.81;606
1;naval_base;343.00;9.70;2006.00;-1.84;671
1;naval_base;1162.00;9.50;932.00;0.01;630
1;naval_base;204.00;9.70;197.00;-2.58;565
1;naval_base;2344.00;9.70;1244.00;0.80;640
1;naval_base;3139.00;9.70;2156.00;1.38;707
1;naval_base;2083.00;9.50;1065.00;1.36;676
1;naval_base;2631.00;9.50;99.00;-0.61;765
1;naval_base;437.00;9.50;1453.00;-1.85;737
1;naval_base;1101.00;9.70;885.00;0.71;630
1;naval_base;476.00;9.50;259.00;-3.11;689
1;naval_base;1406.00;9.70;494.00;-2.84;687
1;naval_base;554.00;9.70;1561.00;0.06;736
1;naval_base;3048.00;9.50;149.00;-4.06;761
1;naval_base;657.00;9.50;2602.00;-1.36;570
1;naval_base;3174.00;9.50;384.00;0.35;751
1;naval_base;277.00;9.50;1877.00;-1.29;517
1;naval_base;3707.00;9.50;2741.00;-1.05;642
1;bunker;1916.00;13.35;2547.00;6.11;0
1;bunker;2754.00;12.12;2422.00;1.38;0
1;bunker;485.00;10.00;1429.00;4.05;0
1;bunker;2292.00;11.30;1552.00;1.88;0
1;bunker;2666.00;10.35;622.00;1.99;0
1;bunker;1626.00;12.57;2680.00;6.11;0
1;bunker;1285.00;12.50;2695.00;2.49;0
1;bunker;1210.00;12.30;2477.00;5.16;0
1;bunker;990.00;11.40;2340.00;0.43;0
1;bunker;1446.00;12.30;1459.00;4.56;0
1;bunker;1900.00;11.90;1703.00;0.94;0
1;bunker;2080.00;11.40;306.00;3.60;0
1;bunker;2504.00;12.10;2591.00;0.34;0
1;bunker;2972.00;10.98;2698.00;3.00;0
1;bunker;2088.00;12.30;1686.00;5.67;0
1;bunker;652.00;9.70;189.00;2.05;0
1;bunker;3080.00;13.00;205.00;5.06;0
1;bunker;1599.00;13.68;2825.00;6.28;0
1;bunker;414.00;9.70;1900.00;4.12;0
1;bunker;1548.00;12.32;2701.00;0.50;0
1;bunker;547.00;9.70;1571.00;2.05;0
1;bunker;3763.00;9.70;2978.00;6.18;0
1;bunker;2380.00;13.00;201.00;2.56;0
1;bunker;3058.00;10.98;2168.00;4.12;0
1;bunker;692.00;9.70;2552.00;0.50;0
1;bunker;1040.00;10.10;2618.00;4.62;0
1;bunker;235.00;10.10;64.00;5.83;0
1;bunker;2474.00;9.70;602.00;2.56;0
1;bunker;2787.00;13.00;421.00;5.23;0
1;bunker;1942.00;16.62;172.00;1.61;0
1;bunker;3136.00;11.90;318.00;4.28;0
1;bunker;1470.00;13.18;2274.00;1.01;0
1;bunker;1972.00;14.40;22.00;5.13;0
1;bunker;2365.00;9.70;474.00;0.06;0
1;bunker;2475.00;9.70;2336.00;4.18;0
1;bunker;944.00;9.70;361.00;5.74;0
1;bunker;2811.00;9.70;2891.00;2.12;0
1;bunker;1541.00;14.50;1231.00;4.79;0
1;bunker;3176.00;10.12;3104.00;1.52;0
1;bunker;1724.00;9.70;3005.00;2.73;0
1;bunker;1213.00;13.88;2939.00;0.57;0
1;bunker;1690.00;9.70;932.00;3.24;0
1;bunker;511.00;9.78;2087.00;4.79;0
1;bunker;1357.00;10.43;1186.00;2.63;0
1;bunker;1691.00;13.25;1160.00;5.30;0
1;bunker;786.00;10.03;2116.00;1.68;0
1;bunker;2446.00;10.20;2362.00;3.24;0
1;bunker;1258.00;10.12;478.00;1.08;0
1;bunker;2235.00;14.43;2108.00;3.74;0
1;bunker;1770.00;11.90;1846.00;0.13;0
1;bunker;1431.00;14.65;424.00;1.68;0
1;bunker;1039.00;9.70;963.00;5.81;0
1;bunker;427.00;9.70;165.00;0.74;0
1;bunker;2006.00;14.88;2508.00;3.75;0
1;bunker;1622.00;10.90;1956.00;0.13;0
1;bunker;743.00;9.70;333.00;2.80;0
1;bunker;2605.00;9.70;2896.00;0.63;0
1;bunker;1686.00;13.53;1712.00;2.19;0
1;bunker;2162.00;14.82;2091.00;4.86;0
1;bunker;2661.00;13.50;56.00;1.24;0
1;bunker;1272.00;9.70;1705.00;5.37;0
1;bunker;3113.00;10.07;3239.00;5.47;0
1;bunker;3040.00;10.03;2213.00;3.30;0
1;bunker;1161.00;10.53;3110.00;5.97;0
1;bunker;1966.00;12.50;2656.00;3.81;0
1;bunker;2707.00;12.90;306.00;3.91;0
1;bunker;2222.00;12.18;1426.00;1.75;0
1;bunker;2466.00;13.78;2714.00;5.87;0
1;bunker;1624.00;13.30;2780.00;5.98;0
1;bunker;1227.00;9.70;1303.00;3.81;0
1;bunker;1152.00;10.50;1907.00;0.20;0
1;bunker;2840.00;12.62;394.00;2.87;0
1;bunker;1396.00;13.90;297.00;4.42;0
1;bunker;417.00;11.38;30.00;2.26;0
1;bunker;2322.00;10.35;2615.00;3.47;0
1;bunker;2499.00;10.25;1429.00;1.31;0
1;bunker;2220.00;15.82;1983.00;2.87;0
1;bunker;2981.00;9.70;2963.00;5.54;0
1;bunker;1963.00;11.95;2826.00;3.37;0
1;bunker;2795.00;9.70;2279.00;6.04;0
1;bunker;2920.00;12.07;2476.00;1.31;0
1;bunker;872.00;11.03;1516.00;3.98;0
1;bunker;460.00;9.70;1927.00;1.82;0
1;bunker;3214.00;9.70;2830.00;4.49;0
1;bunker;2821.00;13.48;283.00;6.04;0
1;bunker;2764.00;9.70;3083.00;2.43;0
1;bunker;3195.00;12.50;2419.00;0.26;0
1;bunker;1518.00;16.05;83.00;0.37;0
1;bunker;1226.00;12.85;2287.00;4.49;0
1;bunker;1185.00;14.18;986.00;2.33;0
1;bunker;3322.00;9.70;2520.00;3.54;0
1;bunker;1423.00;12.73;1.00;0.27;0
1;bunker;1062.00;9.70;699.00;2.93;0
1;bunker;3795.00;10.70;174.00;5.60;0
1;bunker;3400.00;14.88;3253.00;1.99;0
1;bunker;2985.00;9.75;3224.00;5.00;0
1;bunker;3227.00;11.90;558.00;6.21;0
1;bunker;2215.00;9.70;1113.00;4.05;0
1;bunker;1778.00;11.55;2068.00;0.43;0
1;bunker;1118.00;9.70;1290.00;3.45;0
1;bunker;1031.00;9.70;1141.00;6.11;0
1;bunker;3199.00;11.57;2268.00;2.49;0
1;bunker;2942.00;10.20;684.00;5.51;0
1;bunker;2805.00;13.50;112.00;0.43;0
1;bunker;1488.00;12.03;1699.00;4.56;0
1;bunker;1583.00;11.98;2063.00;0.94;0
1;bunker;3607.00;9.70;262.00;2.50;0
1;bunker;1050.00;11.62;2658.00;5.16;0
1;bunker;861.00;9.70;2850.00;3.00;0
1;bunker;1334.00;9.70;1352.00;4.21;0
1;bunker;1709.00;12.20;2459.00;0.94;0
1;bunker;1278.00;9.70;958.00;5.07;0
1;bunker;1515.00;12.35;2414.00;6.28;0
1;bunker;1042.00;15.62;90.00;4.12;0
1;bunker;2323.00;9.70;1254.00;5.67;0
1;bunker;2337.00;11.95;1737.00;3.51;0
1;bunker;2853.00;9.80;581.00;4.72;0
1;bunker;1227.00;10.00;1772.00;1.46;0
1;bunker;1213.00;10.65;1834.00;4.12;0
1;bunker;1752.00;11.70;1380.00;0.50;0
1;bunker;1361.00;12.40;2308.00;3.17;0
1;bunker;2008.00;13.78;2311.00;6.18;0
1;bunker;1365.00;10.75;454.00;2.57;0
1;bunker;1067.00;10.60;2142.00;5.23;0
1;bunker;2033.00;14.10;2175.00;3.07;0
1;bunker;586.00;9.70;2092.00;3.17;0
1;bunker;917.00;10.00;1341.00;1.01;0
1;bunker;3730.00;12.90;466.00;3.68;0
1;bunker;1517.00;10.10;1383.00;0.06;0
1;bunker;931.00;10.78;3087.00;1.62;0
1;bunker;3022.00;10.03;2755.00;5.74;0
1;bunker;2016.00;10.30;1094.00;0.67;0
1;bunker;497.00;9.70;2044.00;3.68;0
1;bunker;1675.00;11.98;1470.00;1.52;0
1;bunker;3062.00;12.85;112.00;4.19;0
1;bunker;641.00;9.93;2187.00;0.57;0
1;bunker;1493.00;15.55;2099.00;2.13;0
1;bunker;828.00;11.85;2628.00;6.25;0
1;bunker;1101.00;11.65;2501.00;1.17;0
1;bunker;3088.00;11.65;525.00;5.30;0
1;bunker;737.00;9.70;1382.00;0.58;0
1;bunker;3145.00;9.70;2882.00;3.24;0
1;bunker;916.00;13.28;2576.00;5.91;0
1;bunker;3309.00;11.90;354.00;3.74;0
1;bunker;1866.00;12.12;1828.00;5.30;0
1;bunker;298.00;9.70;1871.00;1.68;0
1;bunker;3725.00;9.70;2787.00;5.81;0
1;bunker;3014.00;13.95;25.00;0.74;0
1;bunker;3774.00;13.38;482.00;3.75;0
1;bunker;1970.00;13.50;1520.00;0.13;0
1;bunker;2728.00;22.02;2649.00;4.25;0
1;bunker;2182.00;13.82;2446.00;4.35;0
1;bunker;1223.00;11.05;1440.00;2.20;0
1;bunker;137.00;9.70;100.00;4.86;0
1;bunker;3514.00;11.28;515.00;1.24;0
1;bunker;1800.00;13.18;182.00;4.26;0
1;bunker;3448.00;12.10;544.00;0.64;0
1;bunker;663.00;9.70;1950.00;3.31;0
1;bunker;974.00;11.07;1538.00;5.98;0
1;bunker;1914.00;13.38;2440.00;2.71;0
1;bunker;754.00;11.20;2107.00;3.91;0
1;bunker;2567.00;14.05;1949.00;1.75;0
1;bunker;3316.00;9.70;1627.00;4.42;0
1;bunker;2645.00;11.48;1966.00;5.98;0
1;bunker;1030.00;11.30;158.00;2.36;0
1;bunker;3582.00;9.98;2869.00;0.20;0
1;bunker;314.00;9.70;1404.00;3.22;0
1;bunker;1776.00;9.70;2985.00;4.42;0
1;bunker;2856.00;9.80;2856.00;2.26;0
1;bunker;3404.00;9.70;2427.00;4.93;0
1;bunker;1033.00;10.28;432.00;0.21;0
1;bunker;2110.00;11.20;1410.00;2.87;0
1;bunker;810.00;10.60;2293.00;0.71;0
1;bunker;2595.00;9.70;3179.00;1.92;0
1;bunker;3254.00;11.25;2664.00;4.93;0
1;bunker;2117.00;9.70;472.00;1.32;0
1;bunker;3147.00;16.88;2507.00;3.98;0
1;bunker;1338.00;16.50;2110.00;1.82;0
1;bunker;1584.00;13.35;3047.00;3.38;0
1;bunker;1398.00;11.65;1656.00;6.04;0
1;bunker;1800.00;15.98;1273.00;2.43;0
1;bunker;1757.00;12.30;1569.00;5.45;0
1;bunker;1753.00;16.27;2212.00;0.37;0
1;bunker;1464.00;11.90;2608.00;4.49;0
1;bunker;2635.00;9.70;3107.00;0.87;0
1;bunker;1004.00;9.70;1270.00;3.89;0
1;bunker;646.00;9.73;1683.00;5.10;0
1;bunker;1244.00;15.28;102.00;2.94;0
1;bunker;1489.00;11.40;1630.00;0.78;0
1;bunker;2210.00;13.10;2330.00;0.88;0
1;bunker;567.00;9.70;252.00;5.00;0
1;bunker;719.00;9.70;1346.00;1.38;0
1;bunker;2427.00;9.80;2336.00;4.05;0
1;bunker;1345.00;13.32;257.00;5.61;0
1;bunker;3642.00;13.78;3169.00;3.45;0
1;bunker;2822.00;10.57;2078.00;4.66;0
1;bunker;1933.00;11.48;984.00;1.39;0
1;bunker;2269.00;10.60;2784.00;4.05;0
1;bunker;2561.00;9.70;2187.00;0.44;0
1;bunker;1557.00;15.07;1181.00;4.56;0
1;bunker;1166.00;10.55;1686.00;6.12;0
1;bunker;772.00;9.70;1695.00;3.96;0
1;bunker;3518.00;12.45;103.00;5.16;0
1;bunker;968.00;9.80;873.00;3.00;0
1;bunker;2115.00;14.40;114.00;4.57;0
1;bunker;1338.00;12.40;2997.00;0.95;0
1;bunker;550.00;10.75;1349.00;3.61;0
1;bunker;1579.00;13.20;1778.00;1.45;0
1;bunker;627.00;9.70;1443.00;1.55;0
1;bunker;1575.00;11.30;1977.00;5.67;0
1;bunker;1036.00;10.70;1630.00;3.52;0
1;bunker;1314.00;10.10;2057.00;4.72;0
1;bunker;1075.00;11.20;2812.00;1.46;0
1;bunker;3422.00;14.15;3326.00;4.12;0
1;bunker;1818.00;12.23;2050.00;0.50;0
1;bunker;2485.00;11.60;1782.00;2.06;0
1;bunker;1721.00;13.40;2806.00;6.19;0
1;bunker;3094.00;10.75;2266.00;2.57;0
1;bunker;2033.00;12.30;2023.00;5.23;0
1;bunker;856.00;9.70;1282.00;0.51;0
1;bunker;557.00;9.70;1904.00;4.63;0
1;bunker;2034.00;12.30;1426.00;1.01;0
1;bunker;1432.00;11.35;1912.00;3.68;0
1;bunker;2153.00;13.48;1809.00;0.41;0
1;bunker;3190.00;10.07;728.00;1.62;0
1;bunker;3287.00;13.90;177.00;5.74;0
1;bunker;1107.00;10.32;1102.00;2.12;0
1;bunker;2394.00;9.70;1324.00;3.69;0
1;bunker;706.00;9.82;1994.00;0.07;0
1;bunker;1060.00;11.53;2380.00;4.19;0
1;bunker;1656.00;9.78;365.00;4.29;0
1;bunker;960.00;12.05;2960.00;2.13;0
1;bunker;924.00;9.70;517.00;6.25;0
1;bunker;2096.00;11.68;1255.00;1.18;0
1;bunker;2508.00;10.62;379.00;4.20;0
1;bunker;849.00;10.35;1903.00;0.58;0
1;bunker;1548.00;12.55;2571.00;4.70;0
1;bunker;2097.00;9.70;2893.00;5.91;0
1;bunker;1651.00;13.35;2247.00;2.64;0
1;bunker;2725.00;10.10;2786.00;5.31;0
1;bunker;1301.00;10.03;1964.00;1.69;0
1;bunker;2142.00;13.20;1750.00;4.35;0
1;bunker;748.00;9.70;1856.00;1.09;0
1;bunker;1297.00;12.50;2323.00;3.75;0
1;bunker;1891.00;13.38;2231.00;0.13;0
1;bunker;3243.00;9.70;1536.00;3.15;0
1;bunker;2694.00;10.43;464.00;4.36;0
1;bunker;1268.00;11.00;1579.00;2.20;0
1;bunker;3270.00;11.45;2890.00;4.86;0
1;bunker;1721.00;12.05;1448.00;0.14;0
1;bunker;1740.00;11.70;1677.00;2.80;0
1;bunker;1685.00;11.57;988.00;0.65;0
1;bunker;2352.00;14.15;1811.00;3.31;0
1;bunker;3835.00;9.70;3314.00;4.87;0
1;bunker;2654.00;14.53;2594.00;2.71;0
1;bunker;1827.00;14.03;1243.00;5.37;0
1;bunker;3750.00;10.25;3071.00;1.75;0
1;bunker;590.00;9.70;2321.00;3.32;0
1;bunker;1669.00;11.50;1673.00;1.16;0
1;bunker;2435.00;11.10;2249.00;2.36;0
1;bunker;3174.00;11.45;2783.00;5.38;0
1;bunker;974.00;12.38;2281.00;1.76;0
1;bunker;2195.00;10.30;2625.00;4.43;0
1;bunker;1008.00;9.85;3253.00;0.81;0
1;bunker;1703.00;12.90;2609.00;3.83;0
1;bunker;1991.00;12.50;1947.00;0.21;0
1;bunker;3400.00;10.50;738.00;2.87;0
1;bunker;3066.00;11.90;352.00;0.71;0
1;bunker;847.00;9.70;491.00;0.82;0
1;bunker;2250.00;13.05;2423.00;4.94;0
1;bunker;1816.00;12.55;294.00;1.32;0
1;bunker;1091.00;10.32;1821.00;5.44;0
1;bunker;2439.00;15.98;1975.00;5.54;0
1;bunker;825.00;11.53;2425.00;3.38;0
1;bunker;3436.00;11.90;4.00;6.05;0
1;bunker;1984.00;14.40;1334.00;2.43;0
1;bunker;2052.00;10.48;1170.00;5.45;0
1;bunker;3375.00;9.70;1596.00;1.83;0
1;bunker;1532.00;12.10;1510.00;4.49;0
1;bunker;2130.00;12.70;2299.00;6.05;0
1;bunker;2401.00;9.70;2892.00;3.90;0
1;bunker;1390.00;11.90;1104.00;5.10;0
1;bunker;2281.00;13.90;2112.00;2.94;0
1;bunker;1284.00;13.80;431.00;4.50;0
1;bunker;2840.00;20.90;2569.00;0.88;0
1;bunker;2402.00;14.15;1803.00;3.54;0
1;bunker;2452.00;10.00;585.00;1.39;0
1;bunker;961.00;11.40;168.00;4.40;0
1;bunker;2883.00;11.90;2451.00;5.61;0
1;bunker;1198.00;9.70;2024.00;3.45;0
1;bunker;3833.00;10.15;130.00;6.11;0
1;bunker;3823.00;12.82;627.00;1.39;0
1;bunker;1000.00;10.73;2133.00;4.06;0
1;bunker;2014.00;15.10;91.00;1.90;0
1;bunker;2161.00;9.73;1140.00;2.00;0
1;bunker;2776.00;9.70;3304.00;6.12;0
1;bunker;1093.00;12.82;2888.00;2.50;0
1;bunker;2473.00;9.70;1622.00;5.17;0
1;bunker;1547.00;12.40;1054.00;1.90;0
1;bunker;3101.00;10.95;2667.00;4.57;0
1;bunker;2274.00;11.53;1652.00;0.95;0
1;bunker;1035.00;10.15;2896.00;3.61;0
1;bunker;2663.00;10.00;2296.00;0.35;0
1;bunker;607.00;9.70;2344.00;3.02;0
1;bunker;977.00;10.18;1968.00;5.68;0
1;bunker;797.00;13.30;2768.00;2.06;0
1;bunker;3502.00;9.95;674.00;5.08;0
1;bunker;1075.00;11.82;497.00;0.00;0
1;bunker;701.00;9.75;1504.00;4.12;0
1;bunker;886.00;11.23;1611.00;0.86;0
1;bunker;2294.00;10.18;384.00;2.07;0
1;bunker;1571.00;12.50;2670.00;6.19;0
1;bunker;2210.00;9.98;501.00;2.57;0
1;bunker;3363.00;10.43;2895.00;4.13;0
1;bunker;491.00;9.70;1647.00;0.51;0
1;bunker;3602.00;9.70;720.00;4.64;0
1;bunker;1771.00;11.62;1939.00;5.84;0
1;bunker;1145.00;11.95;1415.00;2.58;0
1;bunker;1188.00;10.45;2135.00;5.24;0
1;bunker;1441.00;10.78;1256.00;1.62;0
1;bunker;3676.00;9.70;13.00;5.74;0
1;bunker;2226.00;12.30;1466.00;1.02;0
1;bunker;2327.00;13.40;1964.00;5.15;0
1;bunker;2283.00;9.80;2531.00;0.07;0
1;bunker;2882.00;10.00;2285.00;3.09;0
1;bunker;3729.00;10.70;212.00;5.75;0
1;bunker;1001.00;9.70;1775.00;2.13;0
1;bunker;303.00;11.23;7.00;4.80;0
1;bunker;1978.00;9.70;410.00;1.53;0
1;bunker;2509.00;10.73;2765.00;2.74;0
1;bunker;3346.00;9.70;2347.00;0.58;0
1;bunker;2445.00;15.15;2037.00;4.70;0
1;bunker;2213.00;10.20;1298.00;4.81;0
1;bunker;1040.00;15.40;2793.00;2.65;0
1;bunker;1746.00;13.65;59.00;5.31;0
1;bunker;2600.00;9.88;2160.00;1.69;0
1;bunker;3572.00;10.60;306.00;3.25;0
1;bunker;1635.00;10.78;218.00;1.09;0
1;bunker;825.00;9.70;1773.00;3.76;0
1;bunker;2350.00;12.45;205.00;0.14;0
1;bunker;1184.00;10.00;1446.00;1.70;0
1;bunker;956.00;10.70;1636.00;5.82;0
1;bunker;1603.00;11.88;1530.00;2.20;0
1;bunker;2943.00;10.00;2157.00;3.76;0
1;bunker;1483.00;13.93;2040.00;1.60;0
1;bunker;1857.00;13.23;2375.00;2.81;0
1;bunker;1250.00;12.30;2553.00;0.65;0
1;bunker;1795.00;11.98;999.00;2.21;0
1;bunker;1513.00;11.85;2451.00;4.87;0
1;bunker;2402.00;12.80;1406.00;1.25;0
1;bunker;2022.00;12.23;2637.00;5.38;0
1;bunker;3236.00;14.20;92.00;5.48;0
1;bunker;3211.00;10.07;2216.00;3.32;0
1;bunker;789.00;9.70;1697.00;1.16;0
1;bunker;3097.00;9.70;3111.00;3.82;0
1;bunker;3394.00;12.65;2819.00;5.38;0
1;bunker;2502.00;9.70;2997.00;1.77;0
1;bunker;2183.00;15.80;1916.00;5.89;0
1;bunker;2463.00;13.60;43.00;5.99;0
1;bunker;1885.00;13.68;1348.00;3.83;0
1;bunker;3491.00;12.98;3067.00;0.21;0
1;bunker;1190.00;13.60;2809.00;2.87;0
1;bunker;1665.00;13.45;1144.00;4.44;0
1;bunker;1265.00;11.57;1531.00;2.27;0
1;bunker;1839.00;12.30;1898.00;4.94;0
1;bunker;3775.00;10.55;3208.00;1.32;0
1;bunker;460.00;9.70;1789.00;4.34;0
1;bunker;2600.00;10.05;1843.00;5.55;0
1;bunker;1347.00;10.50;1783.00;3.39;0
1;bunker;2981.00;12.50;204.00;6.05;0
1;bunker;1922.00;12.95;1043.00;1.33;0
1;bunker;620.00;9.70;1858.00;3.99;0
1;bunker;1203.00;10.30;1158.00;1.83;0
1;bunker;1075.00;10.07;1774.00;3.39;0
1;bunker;2850.00;9.70;1457.00;6.06;0
1;bunker;3830.00;9.70;3014.00;2.44;0
1;bunker;1699.00;12.85;2360.00;0.28;0
1;bunker;1753.00;12.50;2476.00;1.83;0
1;bunker;887.00;9.70;1755.00;4.50;0
1;bunker;1849.00;13.43;1493.00;2.34;0
1;bunker;3178.00;9.70;1590.00;3.55;0
1;bunker;1070.00;10.05;2051.00;0.28;0
1;bunker;1909.00;12.23;2819.00;2.95;0
1;bunker;3044.00;10.88;625.00;5.61;0
1;bunker;1575.00;9.70;461.00;1.99;0
1;bunker;1696.00;11.90;2025.00;5.01;0
1;bunker;656.00;9.70;1372.00;6.22;0
1;bunker;1167.00;12.48;2285.00;4.06;0
1;bunker;1030.00;10.43;1939.00;0.79;0
1;bunker;312.00;9.70;1359.00;3.46;0
1;bunker;3413.00;11.35;411.00;6.12;0
1;bunker;1009.00;10.40;1409.00;2.51;0
1;bunker;2038.00;12.82;1759.00;5.52;0
1;bunker;369.00;9.70;1348.00;0.45;0
1;bunker;2622.00;11.90;2472.00;4.57;0
1;bunker;1610.00;11.45;1682.00;0.95;0
1;bunker;403.00;9.70;2058.00;2.51;0
1;bunker;2606.00;9.70;548.00;5.18;0
1;bunker;1126.00;10.43;174.00;3.02;0
1;bunker;1019.00;10.98;862.00;5.68;0
1;bunker;2100.00;12.95;2742.00;0.96;0
1;bunker;1523.00;12.53;1783.00;5.08;0
1;bunker;676.00;9.70;289.00;0.01;0
1;bunker;750.00;11.43;2416.00;4.13;0
1;bunker;557.00;10.88;115.00;5.69;0
1;bunker;3775.00;9.70;2734.00;3.52;0
1;bunker;3497.00;9.70;1704.00;4.73;0
1;bunker;3030.00;9.70;3255.00;1.46;0
1;bunker;1638.00;12.78;2445.00;4.13;0
1;bunker;2164.00;12.45;1566.00;0.52;0
1;bunker;2759.00;9.70;3211.00;4.64;0
1;bunker;1870.00;13.45;2771.00;6.20;0
1;bunker;849.00;9.70;1212.00;2.58;0
1;bunker;2392.00;10.70;2555.00;5.24;0
1;bunker;1367.00;11.30;1126.00;3.09;0
1;bunker;916.00;12.30;2658.00;3.19;0
1;bunker;3560.00;9.70;1696.00;1.02;0
1;bunker;2938.00;9.78;2861.00;3.69;0
1;bunker;2632.00;12.50;2041.00;0.07;0
1;bunker;3333.00;12.30;259.00;1.63;0
1;bunker;894.00;12.07;1459.00;5.76;0
1;bunker;1971.00;14.95;1145.00;2.14;0
1;bunker;1714.00;10.70;1300.00;3.69;0
1;bunker;2947.00;13.80;28.00;1.53;0
1;bunker;3299.00;14.98;526.00;4.20;0
1;bunker;1339.00;11.30;1461.00;0.58;0
1;bunker;1605.00;16.08;2165.00;2.14;0
1;bunker;1028.00;10.50;3103.00;6.26;0
1;bunker;582.00;9.70;1316.00;1.19;0
1;bunker;2831.00;9.82;666.00;5.31;0
1;bunker;2488.00;14.43;177.00;0.58;0
1;bunker;1305.00;13.05;2225.00;3.25;0
1;bunker;1370.00;13.88;2892.00;1.09;0
1;bunker;2018.00;12.10;1604.00;3.76;0
1;bunker;2613.00;9.70;3303.00;5.32;0
1;bunker;1671.00;13.00;2156.00;1.70;0
1;bunker;2187.00;13.80;17.00;5.82;0
1;bunker;726.00;9.82;2051.00;5.93;0
1;bunker;2640.00;9.70;1872.00;3.76;0
1;bunker;2738.00;9.70;2165.00;0.14;0
1;bunker;3327.00;9.98;2661.00;4.27;0
1;bunker;3111.00;14.62;2410.00;4.37;0
1;bunker;3007.00;11.90;2361.00;2.21;0
1;bunker;1258.00;13.28;2709.00;0.05;0
1;bunker;1908.00;12.15;1982.00;1.26;0
1;bunker;3573.00;11.93;92.00;4.27;0
1;bunker;1948.00;9.70;914.00;0.65;0
1;bunker;1510.00;12.78;2955.00;3.32;0
1;bunker;1072.00;11.93;402.00;5.98;0
1;bunker;1161.00;10.48;166.00;2.72;0
1;bunker;912.00;9.70;782.00;3.93;0
1;bunker;780.00;12.45;2466.00;1.77;0
1;bunker;2361.00;14.75;2087.00;3.32;0
1;bunker;2695.00;11.62;2019.00;5.99;0
1;bunker;2057.00;12.75;1816.00;3.83;0
1;bunker;2345.00;12.50;1680.00;0.21;0
1;bunker;725.00;9.95;2833.00;3.23;0
1;bunker;1352.00;11.03;1857.00;4.44;0
1;bunker;3258.00;10.18;2531.00;2.27;0
1;bunker;3665.00;14.55;3122.00;4.94;0
1;bunker;1408.00;10.40;2059.00;0.21;0
1;bunker;3684.00;13.57;443.00;2.88;0
1;bunker;1890.00;14.62;2267.00;0.72;0
1;bunker;1774.00;12.70;1485.00;1.93;0
1;bunker;1286.00;14.62;2963.00;4.94;0
1;bunker;2304.00;9.70;2841.00;2.78;0
1;bunker;3833.00;10.18;2812.00;3.99;0
1;bunker;2352.00;11.25;2813.00;1.83;0
1;bunker;2880.00;10.32;2767.00;3.39;0
1;bunker;3156.00;10.93;2646.00;6.06;0
1;bunker;951.00;12.07;2614.00;2.44;0
1;bunker;2775.00;13.93;2497.00;5.45;0
1;bunker;1739.00;12.90;2361.00;0.38;0
1;bunker;1254.00;12.32;2177.00;4.51;0
1;bunker;2993.00;9.70;2148.00;0.89;0
1;bunker;1139.00;10.28;2053.00;3.90;0
1;bunker;1282.00;10.57;1949.00;0.28;0
1;bunker;1909.00;12.48;1954.00;2.95;0
1;bunker;2461.00;11.95;1834.00;0.79;0
1;bunker;340.00;9.70;1773.00;0.89;0
1;bunker;1781.00;11.70;1773.00;5.01;0
1;bunker;2447.00;10.53;1732.00;1.39;0
1;bunker;577.00;9.70;1724.00;4.06;0
1;bunker;1158.00;11.28;1563.00;5.62;0
1;bunker;1448.00;11.80;1520.00;3.46;0
1;bunker;484.00;9.70;1522.00;4.67;0
1;bunker;3294.00;9.70;1569.00;1.40;0
1;bunker;2274.00;13.10;1467.00;5.52;0
1;bunker;2384.00;13.35;1415.00;0.45;0
1;bunker;1489.00;10.35;1337.00;4.57;0
1;bunker;1104.00;9.70;1182.00;6.13;0
1;bunker;952.00;9.70;982.00;3.97;0
1;bunker;2986.00;16.00;472.00;5.18;0
1;bunker;2619.00;11.03;421.00;3.02;0
1;bunker;286.00;9.70;197.00;4.57;0
1;bunker;83.00;9.70;7.00;0.96;0
1;bunker;2422.00;9.70;20.00;3.63;0
1;bunker;694.00;9.70;2959.00;1.46;0
1;bunker;703.00;9.70;2926.00;3.02;0
1;bunker;697.00;9.70;2870.00;5.69;0
1;bunker;2766.00;9.70;1954.00;3.52;0
1;bunker;3243.00;9.70;1453.00;3.63;0
1;bunker;2865.00;9.50;1348.00;1.47;0
1;bunker;2597.00;9.70;50.00;4.13;0
1;coastal_bunker;257.00;9.70;206.00;-3.05;0
1;coastal_bunker;930.00;9.70;3176.00;-3.11;0
1;coastal_bunker;1156.00;9.50;931.00;0.01;0
1;coastal_bunker;2054.00;9.70;1051.00;1.36;0
1;coastal_bunker;1248.00;9.70;1735.00;-0.91;0
1;coastal_bunker;3470.00;9.50;289.00;-3.72;0
1;coastal_bunker;3037.00;9.70;694.00;-3.33;0
1;coastal_bunker;2547.00;9.70;640.00;-3.76;0
1;coastal_bunker;644.00;9.50;2484.00;-2.04;0
1;coastal_bunker;2609.00;9.50;57.00;-0.61;0
1;coastal_bunker;2379.00;9.50;1268.00;0.80;0
1;coastal_bunker;1731.00;9.70;3007.00;-3.96;0
1;coastal_bunker;3177.00;9.70;2186.00;1.38;0
1;coastal_bunker;2730.00;9.70;698.00;-3.12;0
1;coastal_bunker;2565.00;9.70;1445.00;-4.08;0
1;coastal_bunker;1450.00;9.70;506.00;-4.26;0
1;coastal_bunker;3396.00;9.70;2467.00;1.12;0
1;coastal_bunker;1487.00;9.70;479.00;-3.28;0
1;coastal_bunker;1168.00;9.70;3184.00;-3.81;0
1;coastal_bunker;1792.00;9.70;902.00;0.23;0
1;coastal_bunker;3238.00;9.70;214.00;1.40;0
1;coastal_bunker;2302.00;9.70;1096.00;0.89;0
1;coastal_bunker;3313.00;9.50;259.00;0.75;0
1;coastal_bunker;462.00;9.70;2152.00;-1.56;0
1;coastal_bunker;404.00;9.50;1886.00;0.17;0
1;coastal_bunker;1342.00;9.50;974.00;0.67;0
1;coastal_bunker;3765.00;9.70;77.00;0.69;0
1;coastal_bunker;442.00;9.70;253.00;-3.11;0
1;coastal_bunker;437.00;9.50;1453.00;-1.85;0
1;coastal_bunker;1221.00;9.70;525.00;-3.35;0
1;coastal_bunker;657.00;9.50;2591.00;-1.36;0
1;coastal_bunker;555.00;9.70;1562.00;0.06;0
1;coastal_bunker;1225.00;9.50;2436.00;-1.39;0
1;coastal_bunker;3168.00;9.50;389.00;0.35;0
1;coastal_bunker;3654.00;9.50;2747.00;-1.05;0
1;coastal_bunker;102.00;9.70;169.00;-3.24;0
1;coastal_bunker;2715.00;9.50;1931.00;0.88;0
1;coastal_bunker;3575.00;9.50;2759.00;0.33;0
1;coastal_bunker;3413.00;9.70;2398.00;0.80;0
1;coastal_bunker;2064.00;9.50;445.00;-2.28;0
1;coastal_bunker;719.00;9.70;1613.00;0.95;0
1;coastal_bunker;554.00;9.50;299.00;-3.11;0
1;coastal_bunker;2815.00;9.50;2055.00;1.24;0
1;coastal_bunker;1928.00;9.50;891.00;-0.18;0
1;coastal_bunker;764.00;9.50;1668.00;0.26;0
1;coastal_bunker;2304.00;9.50;9.00;0.62;0
1;coastal_bunker;1363.00;9.70;3140.00;-3.02;0
1;coastal_bunker;518.00;9.50;1263.00;0.19;0
1;coastal_bunker;557.00;9.70;1557.00;-2.41;0
1;coastal_bunker;2543.00;9.70;1745.00;1.43;0
1;coastal_bunker;765.00;9.50;1260.00;-0.54;0
1;coastal_bunker;3139.00;9.70;714.00;-3.11;0
1;coastal_bunker;3304.00;9.70;241.00;-2.75;0
1;coastal_bunker;1036.00;9.50;1085.00;-1.72;0
1;coastal_bunker;2383.00;9.70;1296.00;-0.27;0
1;coastal_bunker;1204.00;9.70;2448.00;-4.09;0
1;coastal_bunker;1694.00;9.70;406.00;-3.95;0
1;coastal_bunker;858.00;9.50;688.00;-2.31;0
1;coastal_bunker;2206.00;9.70;2887.00;-4.38;0
1;coastal_bunker;1309.00;9.50;1973.00;-2.27;0
1;coastal_bunker;3219.00;9.50;1527.00;-0.99;0
1;coastal_bunker;1609.00;9.70;933.00;0.00;0
1;dockyard;3494.00;9.50;293.00;-3.72;0
1;anti_air_building;2901.00;16.73;2646.00;4.51;0
1;anti_air_building;2277.00;10.03;2575.00;6.06;0
1;anti_air_building;2221.00;9.90;2600.00;3.90;0
1;synthetic_refinery;1535.00;13.82;1239.00;5.11;0
1;fuel_silo;2815.00;10.35;2233.00;2.95;0
1;radar_station;1920.00;12.10;1664.00;4.37;0
1;rocket_site;1151.00;9.98;3108.00;0.89;0
1;nuclear_reactor;1621.00;12.70;2691.00;5.01;0
1;floating_harbor;1700.25;9.50;918.00;-4.10;3
1;floating_harbor;3535.80;9.50;277.88;-0.57;9
1;floating_harbor;2301.78;9.50;1136.27;-1.82;10
1;floating_harbor;1209.12;9.50;2444.73;-4.53;11
1;floating_harbor;1208.47;9.50;538.84;-0.21;15
1;floating_harbor;2319.00;9.50;1218.00;1.57;19
1;floating_harbor;1190.34;9.50;3193.49;-0.67;22
1;floating_harbor;3766.00;9.50;86.00;-3.14;23
1;floating_harbor;402.17;9.50;1881.10;-2.97;32
1;floating_harbor;2735.85;9.50;704.00;0.02;33
1;floating_harbor;1180.10;9.50;929.00;-3.13;39
1;floating_harbor;438.00;9.50;1451.00;-3.14;45
1;floating_harbor;69.00;9.50;321.00;-4.70;47
1;floating_harbor;455.77;9.50;262.00;0.03;50
1;floating_harbor;1115.56;9.50;887.69;-2.43;55
1;floating_harbor;1077.11;9.50;728.41;-1.06;58
1;floating_harbor;242.39;9.50;209.97;0.09;61
1;floating_harbor;1243.00;9.50;1733.00;-1.57;62
1;floating_harbor;3092.27;9.50;159.04;-3.25;65
1;floating_harbor;1512.96;9.50;481.93;-0.14;77
1;floating_harbor;1728.13;9.50;3014.76;-0.82;78
1;floating_harbor;3387.31;9.50;2502.98;-2.02;80
1;floating_harbor;1329.00;9.50;547.00;0.47;81
1;floating_harbor;2997.00;9.50;786.00;0.25;89
1;floating_harbor;645.76;9.50;2527.17;1.10;90
1;floating_harbor;2569.00;9.50;704.00;0.38;92
1;floating_harbor;447.00;9.50;2138.92;-4.70;98
1;floating_harbor;2553.64;9.50;1456.15;-0.94;99
1;floating_harbor;3159.19;9.50;387.09;0.76;103
1;floating_harbor;2078.85;9.50;1055.56;-1.78;108
1;floating_harbor;2612.97;9.50;77.28;-3.76;117
1;floating_harbor;556.00;9.50;1559.00;-3.14;118
1;floating_harbor;1296.34;9.50;939.51;-2.47;119
1;floating_harbor;3167.87;9.50;2173.65;-1.76;129
1;floating_harbor;838.00;9.50;3254.00;0.65;133
1;floating_harbor;3067.57;9.50;152.24;-0.92;136
1;floating_harbor;650.15;9.50;2619.54;-4.50;139
1;floating_harbor;3165.00;9.70;383.00;-4.31;141
1;floating_harbor;257.00;9.50;1825.00;-3.92;147
1;floating_harbor;3722.43;9.50;2728.49;-3.52;148
1;floating_harbor;107.00;9.50;508.00;-4.71;150
1;floating_harbor;120.70;9.50;185.97;-0.10;155
1;floating_harbor;3283.00;9.50;1726.00;0.34;164
1;floating_harbor;2715.41;9.50;1921.56;-2.26;165
1;floating_harbor;3593.28;9.50;2750.38;-2.81;167
1;floating_harbor;321.15;9.50;1449.85;0.58;168
1;floating_harbor;1846.00;9.50;2864.00;-2.55;169
1;floating_harbor;3408.54;9.50;2442.50;-1.21;172
1;floating_harbor;2439.00;9.50;3264.00;1.50;176
1;floating_harbor;2132.00;9.50;458.00;-1.57;178
1;floating_harbor;1495.00;9.50;3155.00;-0.49;181
1;floating_harbor;707.00;9.50;1606.00;-3.93;189
1;floating_harbor;584.81;9.50;335.00;0.03;193
1;floating_harbor;709.87;9.50;1274.00;-3.16;194
1;floating_harbor;2831.61;9.50;2060.71;-1.90;198
1;floating_harbor;1869.75;9.50;900.11;-3.32;199
1;floating_harbor;780.00;9.50;1697.00;-3.14;204
1;floating_harbor;969.00;9.50;919.00;0.79;206
1;floating_harbor;774.00;9.50;1279.00;-3.14;222
1;floating_harbor;528.09;9.50;2275.13;1.41;260
1;floating_harbor;730.11;9.50;1620.91;-0.16;311
1;floating_harbor;2917.43;9.50;2092.02;-3.22;346