
state={
	id=3
	name="STATE_3"
	history={
		owner = POR
		buildings = {
		
		}
		add_core_of = POR
	}
	provinces={
		5 11 67 80 92 93 117 119 133 142 153 157 166 227 229 240 243 249 258 266 288 299 300 318 329 330 336 345 354 358 367 368 372 377 379 390 395 397 403 406 439 449 461 464 466 473 503 516 526 532 533 543 548 554 588 594 605 613 616 627 630 634 635 664 676 709 720 721 733 740 743 774 808 824 832 843 201 
	}
	manpower=6825883
	buildings_max_level_factor=1.000
	state_category = rural
}
