state={
	id=50
	name="STATE_50"
	provinces={
		2 8 25 30 37 47 49 54 55 63 66 70 73 83 84 98 101 104 124 129 135 143 158 162 176 197 217 238 241 251 256 264 270 275 278 289 291 309 313 334 343 344 359 369 381 386 399 404 410 412 420 428 431 432 448 451 463 469 483 487 489 491 498 509 517 535 549 562 565 566 568 570 572 589 590 606 615 620 624 641 644 649 652 653 661 665 668 669 674 681 683 712 714 716 722 732 738 757 784 789 790 795 799 803 806 813 814 816 818 821 826 830 
	}
	manpower=40400000
	buildings_max_level_factor=1.000
	state_category = rural
}
