
state={
	id=51
	name="STATE_51"
	history={
		owner = FRA
		buildings = {
		
		}
	}
	provinces={
		16 17 45 53 56 74 81 118 120 128 148 163 168 177 183 194 208 210 215 268 271 280 281 293 294 296 302 303 333 349 351 357 371 392 411 424 433 436 446 452 455 494 495 497 501 508 537 542 569 578 595 597 599 609 655 657 703 711 717 725 728 735 739 741 742 760 765 769 779 783 788 791 802 809 856 861 862 868 872 878 
	}
	manpower=1
	buildings_max_level_factor=1.000
	state_category=rural
	local_supplies=0.000
}
