state={
	id=53
	name="STATE_53"
	history={
		owner = FRA
		buildings = {
		
		}
	}
	provinces={
		10 14 20 22 23 26 27 35 40 41 50 61 65 71 78 86 87 99 100 106 110 111 112 115 147 174 211 220 224 231 247 252 265 267 285 286 292 297 301 308 311 317 325 326 378 383 384 387 413 417 422 438 450 456 457 459 462 480 492 504 505 514 523 536 544 550 558 561 567 571 581 582 583 586 591 593 610 614 617 625 629 640 642 651 679 685 693 700 719 724 730 731 753 778 796 801 807 810 863 864 865 869 871 
	}
	manpower=3000000
	buildings_max_level_factor=1.000
	local_supplies=0.000
	state_category = rural
}
